1: 1.000000e+00 0.000000e+00 0.000000e+00 0.000000e+00 0.000000e+00 1.000000e+00 0.000000e+00 0.000000e+00 0.000000e+00 0.000000e+00 1.000000e+00 0.000000e+00 0.000000e+00 0.000000e+00 0.000000e+00 1.000000e+00
2: 1.000000e+00 0.000000e+00 0.000000e+00 0.000000e+00 0.000000e+00 1.000000e+00 0.000000e+00 0.000000e+00 0.000000e+00 0.000000e+00 1.000000e+00 0.000000e+00 0.000000e+00 0.000000e+00 0.000000e+00 1.000000e+00
3: 1.000000e+00 5.546380e-05 5.535976e-05 1.014809e-01 -5.546126e-05 1.000000e+00 -4.586937e-05 -6.152349e-02 -5.536231e-05 4.586630e-05 1.000000e+00 -5.457196e-02 0.000000e+00 0.000000e+00 0.000000e+00 1.000000e+00
4: 9.999999e-01 -5.092836e-05 -2.485146e-05 -3.607451e-02 5.092709e-05 9.999999e-01 -5.105525e-05 -1.226329e-01 2.485406e-05 5.105399e-05 1.000000e+00 2.102769e-02 0.000000e+00 0.000000e+00 0.000000e+00 1.000000e+00
5: 9.999999e-01 -2.694348e-05 -2.967506e-05 -1.683632e-02 2.694124e-05 9.999999e-01 -7.565678e-05 -1.725857e-01 2.967710e-05 7.565599e-05 1.000000e+00 4.869302e-02 0.000000e+00 0.000000e+00 0.000000e+00 1.000000e+00
6: 9.999999e-01 -3.488078e-06 1.271372e-04 3.161437e-01 3.487773e-06 9.999999e-01 2.399726e-06 3.773826e-02 -1.271372e-04 -2.399283e-06 1.000000e+00 -6.074195e-02 0.000000e+00 0.000000e+00 0.000000e+00 1.000000e+00
7: 9.999999e-01 1.208048e-05 5.998771e-05 1.481884e-01 -1.208171e-05 9.999999e-01 2.048293e-05 5.356922e-02 -5.998747e-05 -2.048365e-05 9.999999e-01 3.424554e-02 0.000000e+00 0.000000e+00 0.000000e+00 1.000000e+00
8: 1.000000e+00 1.684744e-06 -7.215134e-05 -1.291239e-01 -1.683933e-06 9.999999e-01 1.123163e-05 1.485494e-02 7.215136e-05 -1.123151e-05 9.999999e-01 6.421009e-02 0.000000e+00 0.000000e+00 0.000000e+00 1.000000e+00
9: 1.000000e+00 4.702275e-05 -2.836480e-05 -2.565156e-02 -4.702422e-05 9.999999e-01 -5.193764e-05 -7.870045e-02 2.836236e-05 5.193898e-05 9.999999e-01 4.937594e-03 0.000000e+00 0.000000e+00 0.000000e+00 1.000000e+00
10: 1.000000e+00 -1.455090e-05 -4.044260e-05 -3.310321e-02 1.455213e-05 9.999999e-01 3.027171e-05 6.765728e-02 4.044216e-05 -3.027230e-05 9.999999e-01 8.435894e-03 0.000000e+00 0.000000e+00 0.000000e+00 1.000000e+00
11: 9.999999e-01 5.883978e-05 -2.948066e-04 -5.950042e-01 -5.883013e-05 9.999999e-01 3.274035e-05 6.016067e-02 2.948085e-04 -3.272300e-05 9.999999e-01 1.162090e-01 0.000000e+00 0.000000e+00 0.000000e+00 1.000000e+00
12: 1.000000e+00 4.768197e-05 -1.066956e-04 -2.239602e-01 -4.767393e-05 9.999999e-01 7.532081e-05 1.458128e-01 1.066992e-04 -7.531572e-05 9.999999e-01 1.008324e-01 0.000000e+00 0.000000e+00 0.000000e+00 1.000000e+00
13: 1.000000e+00 1.684106e-05 -1.217841e-04 -2.321689e-01 -1.682304e-05 1.000000e+00 1.480038e-04 2.839699e-01 1.217866e-04 -1.480018e-04 1.000000e+00 2.077924e-01 0.000000e+00 0.000000e+00 0.000000e+00 1.000000e+00
14: 1.000000e+00 3.939038e-05 -1.660486e-04 -3.296188e-01 -3.938147e-05 9.999999e-01 5.364691e-05 7.643792e-02 1.660508e-04 -5.364037e-05 9.999999e-01 2.024321e-01 0.000000e+00 0.000000e+00 0.000000e+00 1.000000e+00
15: 1.000000e+00 9.770591e-06 -1.692558e-04 -3.507217e-01 -9.764140e-06 1.000000e+00 3.811127e-05 5.182788e-02 1.692562e-04 -3.810961e-05 1.000000e+00 2.082901e-01 0.000000e+00 0.000000e+00 0.000000e+00 1.000000e+00
16: 9.999999e-01 2.923425e-05 -2.200629e-04 -4.647460e-01 -2.923046e-05 9.999999e-01 1.722238e-05 7.419641e-04 2.200634e-04 -1.721595e-05 9.999999e-01 1.951021e-01 0.000000e+00 0.000000e+00 0.000000e+00 1.000000e+00
17: 9.999999e-01 4.691070e-05 -3.137694e-04 -6.934161e-01 -4.691209e-05 9.999999e-01 -4.428935e-06 -5.131990e-02 3.137692e-04 4.443654e-06 9.999999e-01 2.122130e-01 0.000000e+00 0.000000e+00 0.000000e+00 1.000000e+00
18: 9.999999e-01 5.252790e-05 -3.749816e-04 -8.200887e-01 -5.250653e-05 9.999999e-01 5.699747e-05 8.925856e-02 3.749846e-04 -5.697778e-05 9.999999e-01 1.356629e-01 0.000000e+00 0.000000e+00 0.000000e+00 1.000000e+00
19: 9.999999e-01 3.482548e-05 -3.941529e-04 -8.550827e-01 -3.481093e-05 9.999999e-01 3.690623e-05 2.384285e-02 3.941542e-04 -3.689250e-05 9.999999e-01 2.157490e-01 0.000000e+00 0.000000e+00 0.000000e+00 1.000000e+00
20: 9.999999e-01 6.914360e-05 -3.565852e-04 -7.787437e-01 -6.913897e-05 1.000000e+00 1.301275e-05 1.385656e-02 3.565861e-04 -1.298810e-05 9.999999e-01 9.270182e-02 0.000000e+00 0.000000e+00 0.000000e+00 1.000000e+00
21: 9.999999e-01 8.551539e-05 -3.076895e-04 -6.869328e-01 -8.550203e-05 1.000000e+00 4.343847e-05 4.898241e-02 3.076932e-04 -4.341216e-05 9.999999e-01 1.737850e-01 0.000000e+00 0.000000e+00 0.000000e+00 1.000000e+00
22: 9.999999e-01 1.263292e-04 -2.973036e-04 -6.864225e-01 -1.263137e-04 9.999999e-01 5.189662e-05 1.016593e-01 2.973102e-04 -5.185906e-05 9.999999e-01 1.755770e-01 0.000000e+00 0.000000e+00 0.000000e+00 1.000000e+00
23: 9.999999e-01 5.612749e-05 -1.836173e-04 -4.223261e-01 -5.611532e-05 9.999999e-01 6.625996e-05 1.104864e-01 1.836210e-04 -6.624966e-05 9.999999e-01 2.192953e-01 0.000000e+00 0.000000e+00 0.000000e+00 1.000000e+00
24: 9.999999e-01 5.584619e-05 -3.363500e-04 -7.599711e-01 -5.585529e-05 1.000000e+00 -2.703236e-05 -1.089183e-01 3.363485e-04 2.705115e-05 9.999999e-01 2.536323e-01 0.000000e+00 0.000000e+00 0.000000e+00 1.000000e+00
25: 1.000000e+00 7.000961e-05 -1.572200e-04 -3.725620e-01 -7.000603e-05 1.000000e+00 2.277626e-05 -1.075677e-02 1.572216e-04 -2.276526e-05 1.000000e+00 2.420668e-01 0.000000e+00 0.000000e+00 0.000000e+00 1.000000e+00
26: 1.000000e+00 4.629458e-05 -1.538818e-04 -3.779814e-01 -4.629238e-05 1.000000e+00 1.427352e-05 -2.952051e-02 1.538825e-04 -1.426639e-05 1.000000e+00 2.850339e-01 0.000000e+00 0.000000e+00 0.000000e+00 1.000000e+00
27: 1.000000e+00 3.710461e-05 -1.014102e-04 -2.609100e-01 -3.711170e-05 1.000000e+00 -6.992315e-05 -1.681349e-01 1.014076e-04 6.992691e-05 1.000000e+00 1.461004e-01 0.000000e+00 0.000000e+00 0.000000e+00 1.000000e+00
28: 9.999999e-01 3.500099e-05 -2.383594e-04 -5.236213e-01 -3.498577e-05 9.999999e-01 6.387141e-05 7.194836e-02 2.383616e-04 -6.386307e-05 9.999999e-01 2.729501e-01 0.000000e+00 0.000000e+00 0.000000e+00 1.000000e+00
29: 1.000000e+00 1.880099e-05 -1.178913e-04 -2.813789e-01 -1.880720e-05 1.000000e+00 -5.269574e-05 -1.811538e-01 1.178903e-04 5.269795e-05 1.000000e+00 2.888313e-01 0.000000e+00 0.000000e+00 0.000000e+00 1.000000e+00
30: 9.999999e-01 2.448334e-07 -2.382746e-04 -5.118085e-01 -2.342826e-07 9.999998e-01 4.428003e-05 -4.060252e-02 2.382746e-04 -4.427998e-05 9.999999e-01 3.746388e-01 0.000000e+00 0.000000e+00 0.000000e+00 1.000000e+00
31: 9.999999e-01 3.020043e-05 -1.908735e-04 -4.215070e-01 -3.020475e-05 9.999999e-01 -2.265953e-05 -1.359764e-01 1.908729e-04 2.266530e-05 9.999999e-01 2.963769e-01 0.000000e+00 0.000000e+00 0.000000e+00 1.000000e+00
32: 9.999999e-01 2.724484e-05 -2.310147e-04 -5.186409e-01 -2.723611e-05 9.999999e-01 3.779487e-05 -1.220534e-02 2.310157e-04 -3.778858e-05 9.999999e-01 2.775728e-01 0.000000e+00 0.000000e+00 0.000000e+00 1.000000e+00
33: 1.000000e+00 2.037833e-05 -1.497801e-04 -3.526872e-01 -2.037098e-05 1.000000e+00 4.907941e-05 1.787413e-02 1.497811e-04 -4.907636e-05 1.000000e+00 2.765629e-01 0.000000e+00 0.000000e+00 0.000000e+00 1.000000e+00
34: 9.999999e-01 1.575053e-05 -2.373212e-04 -5.443612e-01 -1.573393e-05 9.999998e-01 6.993744e-05 2.236919e-02 2.373223e-04 -6.993371e-05 9.999999e-01 3.079819e-01 0.000000e+00 0.000000e+00 0.000000e+00 1.000000e+00
35: 9.999999e-01 5.634731e-05 -2.963032e-04 -6.816736e-01 -5.635681e-05 9.999999e-01 -3.207630e-05 -1.815709e-01 2.963014e-04 3.209299e-05 9.999999e-01 2.939743e-01 0.000000e+00 0.000000e+00 0.000000e+00 1.000000e+00
36: 9.999999e-01 2.056914e-05 -2.430142e-04 -5.492032e-01 -2.058490e-05 9.999999e-01 -6.483429e-05 -2.343391e-01 2.430129e-04 6.483930e-05 9.999999e-01 2.792579e-01 0.000000e+00 0.000000e+00 0.000000e+00 1.000000e+00
37: 9.999999e-01 -1.724927e-05 -3.135938e-04 -6.881447e-01 1.720842e-05 1.000000e+00 -1.302828e-04 -3.736627e-01 3.135961e-04 1.302774e-04 9.999999e-01 2.641006e-01 0.000000e+00 0.000000e+00 0.000000e+00 1.000000e+00
38: 1.000000e+00 -1.211849e-06 -9.400899e-05 -2.512016e-01 1.203888e-06 9.999999e-01 -8.468317e-05 -2.440133e-01 9.400908e-05 8.468305e-05 9.999999e-01 3.138297e-01 0.000000e+00 0.000000e+00 0.000000e+00 1.000000e+00
39: 9.999999e-01 -3.475096e-05 -2.150496e-05 -7.617889e-02 3.474983e-05 9.999999e-01 -5.253537e-05 -2.213361e-01 2.150679e-05 5.253462e-05 9.999999e-01 1.910669e-01 0.000000e+00 0.000000e+00 0.000000e+00 1.000000e+00
40: 1.000000e+00 1.214090e-05 -1.878426e-04 -4.433424e-01 -1.214835e-05 1.000000e+00 -3.968641e-05 -2.015154e-01 1.878421e-04 3.968869e-05 1.000000e+00 3.386834e-01 0.000000e+00 0.000000e+00 0.000000e+00 1.000000e+00
41: 1.000000e+00 -5.940558e-05 -7.948500e-05 -1.556411e-01 5.940244e-05 1.000000e+00 -3.956360e-05 -1.920992e-01 7.948735e-05 3.955888e-05 1.000000e+00 2.751910e-01 0.000000e+00 0.000000e+00 0.000000e+00 1.000000e+00
42: 9.999999e-01 -1.967988e-05 -2.688840e-04 -6.002910e-01 1.965726e-05 9.999999e-01 -8.413762e-05 -3.337893e-01 2.688857e-04 8.413233e-05 9.999999e-01 3.470411e-01 0.000000e+00 0.000000e+00 0.000000e+00 1.000000e+00
43: 1.000000e+00 -4.465214e-05 3.604371e-05 5.655497e-02 4.465439e-05 9.999999e-01 -6.251988e-05 -2.718090e-01 -3.604092e-05 6.252149e-05 9.999999e-01 2.534775e-01 0.000000e+00 0.000000e+00 0.000000e+00 1.000000e+00
44: 9.999999e-01 -3.802466e-05 -3.139066e-05 -9.485535e-02 3.802617e-05 9.999999e-01 4.826592e-05 -3.551626e-02 3.138883e-05 -4.826712e-05 9.999999e-01 2.992861e-01 0.000000e+00 0.000000e+00 0.000000e+00 1.000000e+00
45: 1.000000e+00 -1.320573e-05 -1.375422e-04 -3.107651e-01 1.320844e-05 1.000000e+00 1.968245e-05 -1.034432e-01 1.375419e-04 -1.968427e-05 1.000000e+00 4.055025e-01 0.000000e+00 0.000000e+00 0.000000e+00 1.000000e+00
46: 1.000000e+00 2.579592e-06 -1.334934e-04 -3.317334e-01 -2.582254e-06 9.999999e-01 -1.993965e-05 -1.508390e-01 1.334933e-04 1.994000e-05 9.999999e-01 2.458985e-01 0.000000e+00 0.000000e+00 0.000000e+00 1.000000e+00
47: 1.000000e+00 -2.644228e-05 -1.433468e-04 -3.319585e-01 2.641717e-05 9.999999e-01 -1.751530e-04 -4.412459e-01 1.433514e-04 1.751492e-04 9.999999e-01 1.991230e-01 0.000000e+00 0.000000e+00 0.000000e+00 1.000000e+00
48: 1.000000e+00 -2.641423e-05 -1.737922e-04 -3.905489e-01 2.639717e-05 1.000000e+00 -9.816713e-05 -3.309750e-01 1.737948e-04 9.816254e-05 1.000000e+00 3.464365e-01 0.000000e+00 0.000000e+00 0.000000e+00 1.000000e+00
49: 9.999999e-01 -3.081329e-05 -1.151651e-04 -2.936385e-01 3.080182e-05 9.999999e-01 -9.951859e-05 -3.465432e-01 1.151681e-04 9.951505e-05 9.999999e-01 3.684407e-01 0.000000e+00 0.000000e+00 0.000000e+00 1.000000e+00
50: 1.000000e+00 -2.193284e-05 -8.630273e-05 -2.022334e-01 2.191828e-05 9.999999e-01 -1.685769e-04 -4.859464e-01 8.630641e-05 1.685750e-04 9.999999e-01 2.341412e-01 0.000000e+00 0.000000e+00 0.000000e+00 1.000000e+00
51: 1.000000e+00 7.626883e-06 -1.125678e-04 -2.842428e-01 -7.628509e-06 9.999999e-01 -1.444825e-05 -1.430859e-01 1.125677e-04 1.444911e-05 9.999999e-01 3.065868e-01 0.000000e+00 0.000000e+00 0.000000e+00 1.000000e+00
52: 9.999999e-01 1.149305e-05 -2.334743e-04 -5.521260e-01 -1.151385e-05 9.999999e-01 -8.911321e-05 -3.068890e-01 2.334732e-04 8.911590e-05 9.999999e-01 3.961090e-01 0.000000e+00 0.000000e+00 0.000000e+00 1.000000e+00
53: 9.999999e-01 1.323085e-05 -2.435140e-04 -5.843363e-01 -1.325477e-05 9.999999e-01 -9.824723e-05 -3.816027e-01 2.435127e-04 9.825046e-05 9.999999e-01 3.473936e-01 0.000000e+00 0.000000e+00 0.000000e+00 1.000000e+00
54: 1.000000e+00 1.019226e-05 -1.852261e-04 -4.918100e-01 -1.020386e-05 1.000000e+00 -6.266103e-05 -2.910041e-01 1.852255e-04 6.266292e-05 1.000000e+00 4.457407e-01 0.000000e+00 0.000000e+00 0.000000e+00 1.000000e+00
55: 9.999999e-01 -8.608764e-05 -3.445256e-04 -1.127981e+00 8.614696e-05 1.000000e+00 1.721624e-04 -5.824754e-01 3.445108e-04 -1.721921e-04 9.999999e-01 2.173268e+00 0.000000e+00 0.000000e+00 0.000000e+00 1.000000e+00
56: 9.999999e-01 4.696766e-05 -1.219637e-04 -2.378426e+00 -4.673168e-05 9.999980e-01 1.934107e-03 -6.670029e-01 1.220543e-04 -1.934101e-03 9.999981e-01 4.003645e+00 0.000000e+00 0.000000e+00 0.000000e+00 1.000000e+00
57: 9.999995e-01 -4.886338e-04 7.688295e-04 -1.964029e+00 4.855600e-04 9.999918e-01 3.993025e-03 -1.621076e+00 -7.707744e-04 -3.992650e-03 9.999917e-01 3.140085e+00 0.000000e+00 0.000000e+00 0.000000e+00 1.000000e+00
58: 9.999978e-01 1.007352e-03 1.838955e-03 3.276604e-01 -1.017971e-03 9.999828e-01 5.782281e-03 1.527790e+00 -1.833099e-03 -5.784140e-03 9.999816e-01 -3.267677e+00 0.000000e+00 0.000000e+00 0.000000e+00 1.000000e+00
59: 9.999995e-01 1.499133e-04 9.745298e-04 9.420351e-01 -1.523571e-04 9.999968e-01 2.508087e-03 1.402208e+00 -9.741507e-04 -2.508234e-03 9.999963e-01 -8.919121e-01 0.000000e+00 0.000000e+00 0.000000e+00 1.000000e+00
60: 9.999945e-01 3.048879e-03 -1.226539e-03 -7.875490e+00 -3.044587e-03 9.999891e-01 3.486117e-03 -1.107133e-01 1.237154e-03 -3.482364e-03 9.999931e-01 7.729013e+00 0.000000e+00 0.000000e+00 0.000000e+00 1.000000e+00
61: 9.999731e-01 4.673912e-03 5.651394e-03 -1.868478e+00 -4.706550e-03 9.999722e-01 5.775908e-03 -3.655827e-01 -5.624241e-03 -5.802352e-03 9.999673e-01 1.392905e+00 0.000000e+00 0.000000e+00 0.000000e+00 1.000000e+00
62: 9.999573e-01 3.038200e-03 8.717151e-03 8.240501e+00 -3.076865e-03 9.999854e-01 4.425568e-03 9.157020e-01 -8.703579e-03 -4.452201e-03 9.999522e-01 -7.470258e+00 0.000000e+00 0.000000e+00 0.000000e+00 1.000000e+00
63: 9.999973e-01 1.367096e-03 1.875649e-03 3.628801e+00 -1.367299e-03 9.999990e-01 1.067553e-04 1.344592e+00 -1.875502e-03 -1.093196e-04 9.999982e-01 -5.494460e+00 0.000000e+00 0.000000e+00 0.000000e+00 1.000000e+00
64: 9.999952e-01 3.108068e-03 1.566842e-04 -1.054382e-01 -3.107631e-03 9.999914e-01 -2.717831e-03 1.435742e+00 -1.651300e-04 2.717331e-03 9.999962e-01 1.052446e+00 0.000000e+00 0.000000e+00 0.000000e+00 1.000000e+00
65: 9.999985e-01 4.795024e-04 1.660435e-03 1.437352e+00 -4.734600e-04 9.999932e-01 -3.637535e-03 -1.762738e+00 -1.662168e-03 3.636744e-03 9.999920e-01 2.595123e+00 0.000000e+00 0.000000e+00 0.000000e+00 1.000000e+00
66: 9.999992e-01 1.232187e-03 1.777571e-04 -3.808354e-01 -1.231935e-03 9.999982e-01 -1.410532e-03 3.366209e-01 -1.794949e-04 1.410312e-03 9.999990e-01 -1.387803e+00 0.000000e+00 0.000000e+00 0.000000e+00 1.000000e+00
67: 9.999982e-01 1.399806e-03 1.270599e-03 4.959421e-01 -1.395919e-03 9.999943e-01 -3.054715e-03 1.815777e+00 -1.274868e-03 3.052936e-03 9.999945e-01 -1.684561e+00 0.000000e+00 0.000000e+00 0.000000e+00 1.000000e+00
68: 9.999990e-01 5.943482e-05 1.413322e-03 1.406494e+00 -5.181726e-05 9.999855e-01 -5.389252e-03 8.809024e-01 -1.413621e-03 5.389174e-03 9.999845e-01 -2.699537e+00 0.000000e+00 0.000000e+00 0.000000e+00 1.000000e+00
69: 9.999993e-01 1.122855e-03 -7.663909e-05 3.858574e-01 -1.123410e-03 9.999698e-01 -7.664406e-03 3.307183e+00 6.803077e-05 7.664488e-03 9.999706e-01 -5.345064e+00 0.000000e+00 0.000000e+00 0.000000e+00 1.000000e+00
70: 9.999996e-01 -6.306788e-04 -5.900137e-04 -7.371300e-01 6.229841e-04 9.999159e-01 -1.295214e-02 3.667437e-01 5.981327e-04 1.295177e-02 9.999160e-01 5.846031e-01 0.000000e+00 0.000000e+00 0.000000e+00 1.000000e+00
71: 9.999987e-01 -5.775768e-04 -1.455724e-03 -1.662353e+00 5.600895e-04 9.999279e-01 -1.198465e-02 7.343566e-01 1.462542e-03 1.198382e-02 9.999271e-01 2.993801e-01 0.000000e+00 0.000000e+00 0.000000e+00 1.000000e+00
72: 9.999995e-01 -8.874903e-04 -3.160677e-04 -1.421647e+00 8.831762e-04 9.999098e-01 -1.339721e-02 -3.467457e-02 3.279291e-04 1.339693e-02 9.999102e-01 6.887967e-01 0.000000e+00 0.000000e+00 0.000000e+00 1.000000e+00
73: 9.999990e-01 -1.312521e-03 -3.180486e-04 2.249605e-01 1.308273e-03 9.999144e-01 -1.300918e-02 -8.536237e-01 3.350962e-04 1.300875e-02 9.999153e-01 3.315744e-01 0.000000e+00 0.000000e+00 0.000000e+00 1.000000e+00
74: 9.999971e-01 -1.009519e-03 -2.162216e-03 9.585474e-01 9.833614e-04 9.999267e-01 -1.206475e-02 -6.410820e-01 2.174238e-03 1.206259e-02 9.999248e-01 1.080426e+00 0.000000e+00 0.000000e+00 0.000000e+00 1.000000e+00
75: 9.999811e-01 -2.194006e-03 -5.740420e-03 -3.125426e+00 2.130521e-03 9.999366e-01 -1.104222e-02 -5.313586e+00 5.764283e-03 1.102978e-02 9.999225e-01 6.206281e+00 0.000000e+00 0.000000e+00 0.000000e+00 1.000000e+00
76: 9.999745e-01 1.095439e-04 -7.145869e-03 -3.583448e+00 -1.420530e-04 9.999897e-01 -4.549004e-03 -4.227998e+00 7.145296e-03 4.549903e-03 9.999641e-01 3.905088e+00 0.000000e+00 0.000000e+00 0.000000e+00 1.000000e+00
77: 9.999746e-01 3.819696e-03 -6.010517e-03 -2.696216e+00 -3.817781e-03 9.999926e-01 3.300346e-04 -4.843821e-01 6.011734e-03 -3.070794e-04 9.999819e-01 3.566524e+00 0.000000e+00 0.000000e+00 0.000000e+00 1.000000e+00
78: 9.999890e-01 3.070351e-03 -3.539328e-03 5.166145e-01 -3.064565e-03 9.999938e-01 1.638970e-03 -1.415243e+00 3.544339e-03 -1.628105e-03 9.999923e-01 1.064308e+00 0.000000e+00 0.000000e+00 0.000000e+00 1.000000e+00
79: 9.999707e-01 4.817380e-03 -5.940821e-03 1.368410e+00 -4.797552e-03 9.999828e-01 3.347284e-03 -1.061030e+00 5.956845e-03 -3.318685e-03 9.999768e-01 -1.789149e+00 0.000000e+00 0.000000e+00 0.000000e+00 1.000000e+00
80: 9.999396e-01 7.845490e-03 -7.681462e-03 3.969600e+00 -7.819332e-03 9.999634e-01 3.429414e-03 2.580061e-01 7.708088e-03 -3.369143e-03 9.999646e-01 -4.646480e+00 0.000000e+00 0.000000e+00 0.000000e+00 1.000000e+00
81: 9.998795e-01 1.051916e-02 -1.140800e-02 7.297800e+00 -1.050533e-02 9.999439e-01 1.271687e-03 1.154496e+00 1.142074e-02 -1.151689e-03 9.999341e-01 -7.992769e+00 0.000000e+00 0.000000e+00 0.000000e+00 1.000000e+00
82: 9.997119e-01 1.549825e-02 -1.832897e-02 6.135046e+00 -1.554445e-02 9.998763e-01 -2.380807e-03 3.243057e+00 1.828981e-02 2.665035e-03 9.998291e-01 -9.805429e+00 0.000000e+00 0.000000e+00 0.000000e+00 1.000000e+00
83: 9.993774e-01 2.389115e-02 -2.596130e-02 5.189312e+00 -2.415294e-02 9.996600e-01 -9.817591e-03 4.527556e+00 2.571792e-02 1.043852e-02 9.996147e-01 -1.241000e+01 0.000000e+00 0.000000e+00 0.000000e+00 1.000000e+00
84: 9.990625e-01 3.035900e-02 -3.085903e-02 7.295634e+00 -3.091322e-02 9.993662e-01 -1.764399e-02 2.936287e+00 3.030382e-02 1.858140e-02 9.993680e-01 -6.728229e+00 0.000000e+00 0.000000e+00 0.000000e+00 1.000000e+00
85: 9.989424e-01 3.081699e-02 -3.412081e-02 8.997954e+00 -3.152222e-02 9.992962e-01 -2.032720e-02 2.369969e+00 3.347038e-02 2.138127e-02 9.992109e-01 -6.495676e+00 0.000000e+00 0.000000e+00 0.000000e+00 1.000000e+00
86: 9.987977e-01 2.953902e-02 -3.912426e-02 5.980847e+00 -3.050027e-02 9.992417e-01 -2.420452e-02 3.860512e+00 3.837961e-02 2.536872e-02 9.989412e-01 -4.409619e+00 0.000000e+00 0.000000e+00 0.000000e+00 1.000000e+00
87: 9.986696e-01 2.941954e-02 -4.235072e-02 3.667293e+00 -3.050955e-02 9.992135e-01 -2.532578e-02 -1.049943e-02 4.157234e-02 2.658419e-02 9.987817e-01 6.768941e-01 0.000000e+00 0.000000e+00 0.000000e+00 1.000000e+00
88: 9.985150e-01 3.105401e-02 -4.475946e-02 5.100087e+00 -3.201977e-02 9.992660e-01 -2.102371e-02 3.374368e+00 4.407374e-02 2.242568e-02 9.987765e-01 -4.642095e+00 0.000000e+00 0.000000e+00 0.000000e+00 1.000000e+00
89: 9.983687e-01 3.135508e-02 -4.771652e-02 4.612308e+00 -3.253417e-02 9.991791e-01 -2.413752e-02 1.410422e+01 4.692052e-02 2.565056e-02 9.985692e-01 -1.057410e+01 0.000000e+00 0.000000e+00 0.000000e+00 1.000000e+00
90: 9.982626e-01 3.175496e-02 -4.963087e-02 1.091409e+00 -3.386008e-02 9.985366e-01 -4.216673e-02 8.185340e+00 4.821924e-02 4.377398e-02 9.978771e-01 -8.341334e+00 0.000000e+00 0.000000e+00 0.000000e+00 1.000000e+00
91: 9.981730e-01 3.622101e-02 -4.835821e-02 2.102359e+00 -3.837921e-02 9.982729e-01 -4.447315e-02 1.024243e+01 4.666384e-02 4.624786e-02 9.978394e-01 -2.141312e+00 0.000000e+00 0.000000e+00 0.000000e+00 1.000000e+00
92: 9.981222e-01 3.459702e-02 -5.054848e-02 -6.868448e+00 -3.674399e-02 9.984341e-01 -4.218014e-02 4.332298e+00 4.901002e-02 4.395829e-02 9.978305e-01 5.067286e+00 0.000000e+00 0.000000e+00 0.000000e+00 1.000000e+00
93: 9.982234e-01 4.000235e-02 -4.415561e-02 1.953465e+00 -4.147028e-02 9.985996e-01 -3.284447e-02 1.431750e+01 4.277993e-02 3.461727e-02 9.984846e-01 -7.424057e+00 0.000000e+00 0.000000e+00 0.000000e+00 1.000000e+00
94: 9.981527e-01 4.138271e-02 -4.448154e-02 3.178961e+00 -4.307118e-02 9.983605e-01 -3.769532e-02 1.691115e+01 4.284869e-02 3.954156e-02 9.982987e-01 -1.379796e+01 0.000000e+00 0.000000e+00 0.000000e+00 1.000000e+00
95: 9.980418e-01 4.411160e-02 -4.434660e-02 5.184552e+00 -4.591227e-02 9.981264e-01 -4.044069e-02 1.920816e+01 4.247962e-02 4.239756e-02 9.981973e-01 -1.250385e+01 0.000000e+00 0.000000e+00 0.000000e+00 1.000000e+00
96: 9.981040e-01 4.269411e-02 -4.433621e-02 4.278536e+00 -4.451411e-02 9.981709e-01 -4.090776e-02 2.126926e+01 4.250859e-02 4.280378e-02 9.981788e-01 -1.093463e+01 0.000000e+00 0.000000e+00 0.000000e+00 1.000000e+00
97: 9.983424e-01 3.977795e-02 -4.159599e-02 1.685446e+00 -4.153468e-02 9.982430e-01 -4.225837e-02 2.550599e+01 3.984195e-02 4.391600e-02 9.982404e-01 -1.493974e+01 0.000000e+00 0.000000e+00 0.000000e+00 1.000000e+00
98: 9.984666e-01 4.014627e-02 -3.811368e-02 1.903300e+00 -4.183968e-02 9.981227e-01 -4.472449e-02 2.650263e+01 3.624662e-02 4.625058e-02 9.982720e-01 -1.325441e+01 0.000000e+00 0.000000e+00 0.000000e+00 1.000000e+00
99: 9.984563e-01 4.100674e-02 -3.746033e-02 8.757147e-01 -4.264675e-02 9.981170e-01 -4.408374e-02 2.368062e+01 3.558207e-02 4.561326e-02 9.983252e-01 -1.147053e+01 0.000000e+00 0.000000e+00 0.000000e+00 1.000000e+00
100: 9.984557e-01 4.017652e-02 -3.836725e-02 7.742616e-01 -4.167892e-02 9.983619e-01 -3.919607e-02 1.970477e+01 3.672963e-02 4.073464e-02 9.984946e-01 -1.159324e+01 0.000000e+00 0.000000e+00 0.000000e+00 1.000000e+00
101: 9.982807e-01 4.296870e-02 -3.986545e-02 3.756048e+00 -4.412403e-02 9.986174e-01 -2.856797e-02 3.155510e+01 3.858281e-02 3.027788e-02 9.987965e-01 -1.663585e+01 0.000000e+00 0.000000e+00 0.000000e+00 1.000000e+00
102: 9.980877e-01 4.309715e-02 -4.431204e-02 3.188483e+00 -4.438501e-02 9.986078e-01 -2.850208e-02 3.293983e+01 4.302200e-02 3.041437e-02 9.986110e-01 -1.589636e+01 0.000000e+00 0.000000e+00 0.000000e+00 1.000000e+00
103: 9.978312e-01 4.421640e-02 -4.876333e-02 1.203536e+00 -4.548213e-02 9.986482e-01 -2.515945e-02 3.546349e+01 4.758495e-02 2.732274e-02 9.984934e-01 -1.627092e+01 0.000000e+00 0.000000e+00 0.000000e+00 1.000000e+00
104: 9.978580e-01 4.277498e-02 -4.949364e-02 -1.556617e+00 -4.407713e-02 9.987020e-01 -2.552362e-02 3.916683e+01 4.833762e-02 2.765048e-02 9.984482e-01 -1.823401e+01 0.000000e+00 0.000000e+00 0.000000e+00 1.000000e+00
105: 9.979250e-01 4.350043e-02 -4.746851e-02 -3.474098e+00 -4.477356e-02 9.986562e-01 -2.609479e-02 3.943982e+01 4.626959e-02 2.816598e-02 9.985318e-01 -1.755596e+01 0.000000e+00 0.000000e+00 0.000000e+00 1.000000e+00
106: 9.977691e-01 4.695500e-02 -4.745534e-02 -1.851682e+00 -4.814459e-02 9.985460e-01 -2.424268e-02 4.147092e+01 4.624803e-02 2.647332e-02 9.985791e-01 -1.855010e+01 0.000000e+00 0.000000e+00 0.000000e+00 1.000000e+00
107: 9.975543e-01 4.893477e-02 -4.990741e-02 -1.574955e+00 -5.019116e-02 9.984454e-01 -2.423897e-02 4.396706e+01 4.864370e-02 2.668460e-02 9.984596e-01 -2.025010e+01 0.000000e+00 0.000000e+00 0.000000e+00 1.000000e+00
108: 9.974194e-01 4.868828e-02 -5.276393e-02 -4.479749e+00 -4.999066e-02 9.984695e-01 -2.365029e-02 4.523203e+01 5.153169e-02 2.622697e-02 9.983269e-01 -1.738647e+01 0.000000e+00 0.000000e+00 0.000000e+00 1.000000e+00
109: 9.973838e-01 4.789148e-02 -5.414641e-02 -4.529794e+00 -4.910410e-02 9.985666e-01 -2.129046e-02 4.507534e+01 5.304918e-02 2.389357e-02 9.983060e-01 -1.709472e+01 0.000000e+00 0.000000e+00 0.000000e+00 1.000000e+00
110: 9.971416e-01 4.909857e-02 -5.742728e-02 -7.064480e+00 -5.019161e-02 9.985819e-01 -1.774780e-02 4.825161e+01 5.647445e-02 2.057944e-02 9.981920e-01 -1.737821e+01 0.000000e+00 0.000000e+00 0.000000e+00 1.000000e+00
111: 9.971691e-01 4.993362e-02 -5.621618e-02 -1.006262e+00 -5.105994e-02 9.985189e-01 -1.877996e-02 5.085173e+01 5.519518e-02 2.159720e-02 9.982420e-01 -1.963340e+01 0.000000e+00 0.000000e+00 0.000000e+00 1.000000e+00
112: 9.969828e-01 5.192002e-02 -5.770091e-02 1.181457e+01 -5.337227e-02 9.982880e-01 -2.391814e-02 5.228983e+01 5.636030e-02 2.692561e-02 9.980473e-01 -1.870655e+01 0.000000e+00 0.000000e+00 0.000000e+00 1.000000e+00
113: 9.962407e-01 5.504150e-02 -6.689347e-02 1.398726e+01 -5.703178e-02 9.979735e-01 -2.821537e-02 5.430205e+01 6.520490e-02 3.192436e-02 9.973611e-01 -1.772496e+01 0.000000e+00 0.000000e+00 0.000000e+00 1.000000e+00
114: 9.953997e-01 5.461069e-02 -7.872244e-02 1.128985e+01 -5.712620e-02 9.979143e-01 -3.006278e-02 5.606850e+01 7.691649e-02 3.442159e-02 9.964432e-01 -1.384361e+01 0.000000e+00 0.000000e+00 0.000000e+00 1.000000e+00
115: 9.946762e-01 5.522507e-02 -8.700135e-02 1.555475e+01 -5.790209e-02 9.979138e-01 -2.855101e-02 5.485617e+01 8.524313e-02 3.343657e-02 9.957989e-01 -7.391138e+00 0.000000e+00 0.000000e+00 0.000000e+00 1.000000e+00
116: 9.933596e-01 5.322209e-02 -1.019994e-01 1.194414e+01 -5.591261e-02 9.981542e-01 -2.370088e-02 5.911781e+01 1.005497e-01 2.924656e-02 9.945020e-01 -6.872789e+00 0.000000e+00 0.000000e+00 0.000000e+00 1.000000e+00
117: 9.923357e-01 4.923426e-02 -1.133386e-01 4.638242e+00 -5.204413e-02 9.984031e-01 -2.196610e-02 6.054491e+01 1.120762e-01 2.769636e-02 9.933135e-01 -4.452713e+00 0.000000e+00 0.000000e+00 0.000000e+00 1.000000e+00
118: 9.916142e-01 4.759805e-02 -1.201485e-01 1.165168e+01 -5.004293e-02 9.985953e-01 -1.741258e-02 6.014206e+01 1.191509e-01 2.327915e-02 9.926032e-01 -2.778477e+00 0.000000e+00 0.000000e+00 0.000000e+00 1.000000e+00
119: 9.891769e-01 5.061667e-02 -1.377202e-01 -3.261115e+00 -5.277813e-02 9.985330e-01 -1.208602e-02 6.635983e+01 1.369064e-01 1.922383e-02 9.903973e-01 -5.557915e+00 0.000000e+00 0.000000e+00 0.000000e+00 1.000000e+00
120: 9.879876e-01 5.199562e-02 -1.455229e-01 -1.273085e+01 -5.437592e-02 9.984431e-01 -1.242463e-02 6.975353e+01 1.446503e-01 2.018832e-02 9.892768e-01 -4.929349e+00 0.000000e+00 0.000000e+00 0.000000e+00 1.000000e+00
121: 9.877754e-01 5.318034e-02 -1.465320e-01 -7.306808e+00 -5.561265e-02 9.983735e-01 -1.254983e-02 7.214497e+01 1.456263e-01 2.054545e-02 9.891263e-01 5.208384e-01 0.000000e+00 0.000000e+00 0.000000e+00 1.000000e+00
122: 9.873375e-01 5.140230e-02 -1.500740e-01 -6.807722e+00 -5.373421e-02 9.984887e-01 -1.152220e-02 7.291264e+01 1.492550e-01 1.944041e-02 9.886076e-01 5.102674e+00 0.000000e+00 0.000000e+00 0.000000e+00 1.000000e+00
123: 9.864299e-01 4.993048e-02 -1.564066e-01 -1.231276e+01 -5.181188e-02 9.986250e-01 -7.972593e-03 7.450487e+01 1.557935e-01 1.596813e-02 9.876606e-01 4.634305e+00 0.000000e+00 0.000000e+00 0.000000e+00 1.000000e+00
124: 9.865450e-01 4.940179e-02 -1.558471e-01 -1.304111e+01 -5.110918e-02 9.986687e-01 -6.965030e-03 7.868137e+01 1.552955e-01 1.483653e-02 9.877566e-01 9.663018e-01 0.000000e+00 0.000000e+00 0.000000e+00 1.000000e+00
125: 9.863630e-01 4.747964e-02 -1.575870e-01 -1.357681e+01 -4.945038e-02 9.987394e-01 -8.606294e-03 8.026984e+01 1.569798e-01 1.628167e-02 9.874675e-01 2.331513e+00 0.000000e+00 0.000000e+00 0.000000e+00 1.000000e+00
126: 9.856321e-01 4.638063e-02 -1.624133e-01 -1.542995e+01 -4.905915e-02 9.987172e-01 -1.251828e-02 7.896593e+01 1.616244e-01 2.030628e-02 9.866433e-01 -2.061046e+00 0.000000e+00 0.000000e+00 0.000000e+00 1.000000e+00
127: 9.855177e-01 4.567986e-02 -1.633033e-01 -1.677224e+01 -4.948315e-02 9.985884e-01 -1.929632e-02 8.090886e+01 1.621913e-01 2.709763e-02 9.863871e-01 -2.185726e+00 0.000000e+00 0.000000e+00 0.000000e+00 1.000000e+00
128: 9.852596e-01 4.756243e-02 -1.643203e-01 -1.356350e+01 -5.167053e-02 9.984471e-01 -2.081490e-02 8.539339e+01 1.630752e-01 2.899860e-02 9.861873e-01 1.089630e+00 0.000000e+00 0.000000e+00 0.000000e+00 1.000000e+00
129: 9.847975e-01 4.509804e-02 -1.677495e-01 -1.596657e+01 -4.923225e-02 9.985754e-01 -2.056640e-02 8.544608e+01 1.665830e-01 2.851243e-02 9.856151e-01 4.763774e+00 0.000000e+00 0.000000e+00 0.000000e+00 1.000000e+00
130: 9.839695e-01 4.252424e-02 -1.731925e-01 -2.511750e+01 -4.667101e-02 9.987112e-01 -1.993973e-02 8.963367e+01 1.721214e-01 2.770316e-02 9.846861e-01 -3.770566e-01 0.000000e+00 0.000000e+00 0.000000e+00 1.000000e+00
131: 9.835387e-01 4.477870e-02 -1.750611e-01 -2.770066e+01 -4.925994e-02 9.985580e-01 -2.133499e-02 9.263026e+01 1.738533e-01 2.960729e-02 9.843264e-01 -1.593662e+00 0.000000e+00 0.000000e+00 0.000000e+00 1.000000e+00
132: 9.828404e-01 4.800603e-02 -1.781013e-01 -3.147362e+01 -5.301446e-02 9.983178e-01 -2.346681e-02 9.413976e+01 1.766752e-01 3.250608e-02 9.837323e-01 9.752276e-01 0.000000e+00 0.000000e+00 0.000000e+00 1.000000e+00
133: 9.832485e-01 4.725560e-02 -1.760376e-01 -3.075497e+01 -5.265662e-02 9.982705e-01 -2.613463e-02 9.291199e+01 1.744981e-01 3.496639e-02 9.840364e-01 8.050284e-01 0.000000e+00 0.000000e+00 0.000000e+00 1.000000e+00
134: 9.832124e-01 4.261544e-02 -1.774185e-01 -3.212352e+01 -4.930665e-02 9.982225e-01 -3.347574e-02 9.117225e+01 1.756765e-01 4.166168e-02 9.835660e-01 -3.114602e+00 0.000000e+00 0.000000e+00 0.000000e+00 1.000000e+00
135: 9.825197e-01 4.130389e-02 -1.815181e-01 -4.182314e+01 -4.858366e-02 9.981758e-01 -3.584138e-02 9.727295e+01 1.797066e-01 4.403368e-02 9.827342e-01 -2.469351e+00 0.000000e+00 0.000000e+00 0.000000e+00 1.000000e+00
136: 9.832450e-01 3.979827e-02 -1.778913e-01 -4.300841e+01 -4.719407e-02 9.981802e-01 -3.753695e-02 9.972641e+01 1.760737e-01 4.530344e-02 9.833339e-01 -2.524154e+00 0.000000e+00 0.000000e+00 0.000000e+00 1.000000e+00
137: 9.835503e-01 4.056682e-02 -1.760197e-01 -4.579647e+01 -4.827507e-02 9.980433e-01 -3.973145e-02 1.005065e+02 1.740635e-01 4.757525e-02 9.835844e-01 -3.675902e+00 0.000000e+00 0.000000e+00 0.000000e+00 1.000000e+00
138: 9.837887e-01 3.951193e-02 -1.749238e-01 -5.184052e+01 -4.832303e-02 9.977533e-01 -4.640018e-02 1.000707e+02 1.726975e-01 5.410083e-02 9.834880e-01 -7.620550e+00 0.000000e+00 0.000000e+00 0.000000e+00 1.000000e+00
139: 9.839590e-01 4.022507e-02 -1.737999e-01 -5.852035e+01 -4.949833e-02 9.975539e-01 -4.935356e-02 1.023042e+02 1.713896e-01 5.716470e-02 9.835434e-01 -5.219213e+00 0.000000e+00 0.000000e+00 0.000000e+00 1.000000e+00
140: 9.847285e-01 4.151778e-02 -1.690741e-01 -6.092996e+01 -5.067261e-02 9.974530e-01 -5.019532e-02 1.062927e+02 1.665595e-01 5.799619e-02 9.843243e-01 -5.690462e+00 0.000000e+00 0.000000e+00 0.000000e+00 1.000000e+00
141: 9.852255e-01 3.799959e-02 -1.669932e-01 -6.667836e+01 -4.731162e-02 9.975183e-01 -5.214182e-02 1.048900e+02 1.645974e-01 5.927217e-02 9.845783e-01 -8.354935e+00 0.000000e+00 0.000000e+00 0.000000e+00 1.000000e+00
142: 9.858274e-01 3.686751e-02 -1.636616e-01 -7.081946e+01 -4.594314e-02 9.975886e-01 -5.201831e-02 1.082168e+02 1.613492e-01 5.880021e-02 9.851441e-01 -1.372342e+01 0.000000e+00 0.000000e+00 0.000000e+00 1.000000e+00
143: 9.870825e-01 3.702799e-02 -1.558753e-01 -7.121114e+01 -4.604006e-02 9.974458e-01 -5.460725e-02 1.081331e+02 1.534552e-01 6.107837e-02 9.862661e-01 -1.127620e+01 0.000000e+00 0.000000e+00 0.000000e+00 1.000000e+00
144: 9.888926e-01 3.624237e-02 -1.441451e-01 -6.139351e+01 -4.456901e-02 9.974931e-01 -5.496161e-02 1.085275e+02 1.417919e-01 6.077555e-02 9.880290e-01 -1.342745e+01 0.000000e+00 0.000000e+00 0.000000e+00 1.000000e+00
145: 9.895056e-01 3.289485e-02 -1.406997e-01 -6.686016e+01 -4.123239e-02 9.975361e-01 -5.675834e-02 1.086289e+02 1.384860e-01 6.196409e-02 9.884241e-01 -1.783777e+01 0.000000e+00 0.000000e+00 0.000000e+00 1.000000e+00
146: 9.900940e-01 3.156699e-02 -1.368115e-01 -6.761797e+01 -3.981806e-02 9.975223e-01 -5.799836e-02 1.124416e+02 1.346417e-01 6.287140e-02 9.888978e-01 -1.519126e+01 0.000000e+00 0.000000e+00 0.000000e+00 1.000000e+00
147: 9.905285e-01 3.150212e-02 -1.336446e-01 -6.893517e+01 -3.957755e-02 9.975197e-01 -5.820438e-02 1.111625e+02 1.314796e-01 6.294243e-02 9.893186e-01 -1.627892e+01 0.000000e+00 0.000000e+00 0.000000e+00 1.000000e+00
148: 9.907893e-01 3.223512e-02 -1.315191e-01 -6.864707e+01 -4.002920e-02 9.975681e-01 -5.705466e-02 1.135705e+02 1.293601e-01 6.179376e-02 9.896703e-01 -2.318776e+01 0.000000e+00 0.000000e+00 0.000000e+00 1.000000e+00
149: 9.911172e-01 3.364827e-02 -1.286638e-01 -7.511296e+01 -4.130045e-02 9.975037e-01 -5.727576e-02 1.146387e+02 1.264154e-01 6.208086e-02 9.900329e-01 -2.120827e+01 0.000000e+00 0.000000e+00 0.000000e+00 1.000000e+00
150: 9.917965e-01 3.005078e-02 -1.242437e-01 -8.531482e+01 -3.748397e-02 9.976166e-01 -5.792896e-02 1.119237e+02 1.222068e-01 6.211090e-02 9.905592e-01 -2.465625e+01 0.000000e+00 0.000000e+00 0.000000e+00 1.000000e+00
151: 9.931102e-01 2.830351e-02 -1.137141e-01 -8.133241e+01 -3.465460e-02 9.979248e-01 -5.426818e-02 1.138661e+02 1.119422e-01 5.783501e-02 9.920303e-01 -2.499576e+01 0.000000e+00 0.000000e+00 0.000000e+00 1.000000e+00
152: 9.936328e-01 2.620498e-02 -1.095773e-01 -9.088245e+01 -3.211388e-02 9.981037e-01 -5.251189e-02 1.148023e+02 1.079934e-01 5.569649e-02 9.925901e-01 -3.022149e+01 0.000000e+00 0.000000e+00 0.000000e+00 1.000000e+00
153: 9.943675e-01 2.425798e-02 -1.031734e-01 -9.193522e+01 -3.004500e-02 9.980391e-01 -5.491096e-02 1.153202e+02 1.016391e-01 5.770152e-02 9.931465e-01 -3.216328e+01 0.000000e+00 0.000000e+00 0.000000e+00 1.000000e+00
154: 9.949845e-01 2.233661e-02 -9.750260e-02 -9.704811e+01 -2.783078e-02 9.980785e-01 -5.535756e-02 1.154864e+02 9.607875e-02 5.779350e-02 9.936944e-01 -3.210946e+01 0.000000e+00 0.000000e+00 0.000000e+00 1.000000e+00
155: 9.955122e-01 1.990410e-02 -9.251562e-02 -1.036344e+02 -2.525576e-02 9.980524e-01 -5.703992e-02 1.135170e+02 9.120011e-02 5.912049e-02 9.940761e-01 -4.310839e+01 0.000000e+00 0.000000e+00 0.000000e+00 1.000000e+00
156: 9.964125e-01 1.693389e-02 -8.291751e-02 -9.740304e+01 -2.174678e-02 9.981091e-01 -5.748948e-02 1.137118e+02 8.178722e-02 5.908643e-02 9.948968e-01 -4.150237e+01 0.000000e+00 0.000000e+00 0.000000e+00 1.000000e+00
157: 9.970157e-01 1.441468e-02 -7.584091e-02 -9.414652e+01 -1.883401e-02 9.981456e-01 -5.788236e-02 1.125702e+02 7.486593e-02 5.913801e-02 9.954385e-01 -4.531644e+01 0.000000e+00 0.000000e+00 0.000000e+00 1.000000e+00
158: 9.971321e-01 1.256732e-02 -7.463028e-02 -1.038127e+02 -1.691560e-02 9.981778e-01 -5.792112e-02 1.102506e+02 7.376639e-02 5.901742e-02 9.955277e-01 -4.900379e+01 0.000000e+00 0.000000e+00 0.000000e+00 1.000000e+00
159: 9.976096e-01 1.159910e-02 -6.812125e-02 -1.007818e+02 -1.551749e-02 9.982377e-01 -5.727639e-02 1.115951e+02 6.733684e-02 5.819655e-02 9.960315e-01 -5.120998e+01 0.000000e+00 0.000000e+00 0.000000e+00 1.000000e+00
160: 9.978853e-01 9.321765e-03 -6.432594e-02 -1.057730e+02 -1.311954e-02 9.981793e-01 -5.887217e-02 1.093740e+02 6.366003e-02 5.959161e-02 9.961908e-01 -5.534108e+01 0.000000e+00 0.000000e+00 0.000000e+00 1.000000e+00
161: 9.981245e-01 6.654852e-03 -6.085357e-02 -1.094300e+02 -1.035418e-02 9.981036e-01 -6.067891e-02 1.055063e+02 6.033437e-02 6.119520e-02 9.963006e-01 -5.896845e+01 0.000000e+00 0.000000e+00 0.000000e+00 1.000000e+00
162: 9.985051e-01 5.245917e-03 -5.440616e-02 -1.080057e+02 -8.950384e-03 9.976403e-01 -6.807072e-02 8.900749e+01 5.392069e-02 6.845593e-02 9.961959e-01 -5.817639e+01 0.000000e+00 0.000000e+00 0.000000e+00 1.000000e+00
163: 9.986250e-01 5.408481e-03 -5.214190e-02 -1.151497e+02 -8.494899e-03 9.982126e-01 -5.915404e-02 1.047785e+02 5.172877e-02 5.951565e-02 9.968861e-01 -6.095283e+01 0.000000e+00 0.000000e+00 0.000000e+00 1.000000e+00
164: 9.986832e-01 2.628976e-04 -5.129914e-02 -1.228325e+02 -3.545432e-03 9.979494e-01 -6.390761e-02 8.957335e+01 5.117715e-02 6.400535e-02 9.966365e-01 -6.111867e+01 0.000000e+00 0.000000e+00 0.000000e+00 1.000000e+00
165: 9.992422e-01 -2.277881e-03 -3.885425e-02 -1.100360e+02 2.291824e-04 9.986129e-01 -5.265094e-02 1.107079e+02 3.892029e-02 5.260214e-02 9.978568e-01 -6.423257e+01 0.000000e+00 0.000000e+00 0.000000e+00 1.000000e+00
166: 9.992462e-01 -4.501075e-03 -3.855699e-02 -1.205268e+02 2.138096e-03 9.981287e-01 -6.110870e-02 8.850423e+01 3.875989e-02 6.098021e-02 9.973860e-01 -6.503397e+01 0.000000e+00 0.000000e+00 0.000000e+00 1.000000e+00
167: 9.991098e-01 -3.877285e-03 -4.200618e-02 -1.372008e+02 1.262511e-03 9.980693e-01 -6.209590e-02 8.695907e+01 4.216584e-02 6.198759e-02 9.971858e-01 -6.973846e+01 0.000000e+00 0.000000e+00 0.000000e+00 1.000000e+00
168: 9.993522e-01 -4.333339e-03 -3.572482e-02 -1.335095e+02 2.431013e-03 9.985850e-01 -5.312186e-02 1.077237e+02 3.590447e-02 5.300061e-02 9.979488e-01 -6.966431e+01 0.000000e+00 0.000000e+00 0.000000e+00 1.000000e+00
169: 9.993627e-01 -7.416633e-03 -3.491385e-02 -1.405225e+02 5.545108e-03 9.985578e-01 -5.339894e-02 1.035300e+02 3.525954e-02 5.317131e-02 9.979627e-01 -6.996613e+01 0.000000e+00 0.000000e+00 0.000000e+00 1.000000e+00
170: 9.995320e-01 -7.542694e-03 -2.964537e-02 -1.414120e+02 6.087917e-03 9.987870e-01 -4.886015e-02 1.112513e+02 2.997795e-02 4.865681e-02 9.983655e-01 -7.241029e+01 0.000000e+00 0.000000e+00 0.000000e+00 1.000000e+00
171: 9.995403e-01 -6.974427e-03 -2.950272e-02 -1.517473e+02 5.470058e-03 9.986954e-01 -5.076768e-02 1.071796e+02 2.981831e-02 5.058297e-02 9.982746e-01 -7.399830e+01 0.000000e+00 0.000000e+00 0.000000e+00 1.000000e+00
172: 9.995530e-01 -9.584065e-03 -2.831565e-02 -1.586836e+02 8.046080e-03 9.985117e-01 -5.393897e-02 9.970892e+01 2.879046e-02 5.368703e-02 9.981426e-01 -7.396645e+01 0.000000e+00 0.000000e+00 0.000000e+00 1.000000e+00
173: 9.996584e-01 -1.181807e-02 -2.330896e-02 -1.567577e+02 1.058221e-02 9.985675e-01 -5.244951e-02 9.939487e+01 2.389542e-02 5.218494e-02 9.983515e-01 -7.634000e+01 0.000000e+00 0.000000e+00 0.000000e+00 1.000000e+00
174: 9.997314e-01 -1.236566e-02 -1.960048e-02 -1.572634e+02 1.134042e-02 9.986042e-01 -5.158194e-02 1.028420e+02 2.021098e-02 5.134581e-02 9.984763e-01 -8.055233e+01 0.000000e+00 0.000000e+00 0.000000e+00 1.000000e+00
175: 9.997756e-01 -1.240800e-02 -1.716340e-02 -1.609859e+02 1.144373e-02 9.984106e-01 -5.518206e-02 1.017044e+02 1.782082e-02 5.497327e-02 9.983287e-01 -8.103182e+01 0.000000e+00 0.000000e+00 0.000000e+00 1.000000e+00
176: 9.998214e-01 -1.197284e-02 -1.461957e-02 -1.628653e+02 1.114593e-02 9.984026e-01 -5.538946e-02 1.007830e+02 1.525939e-02 5.521663e-02 9.983578e-01 -8.242696e+01 0.000000e+00 0.000000e+00 0.000000e+00 1.000000e+00
177: 9.998387e-01 -1.381789e-02 -1.146869e-02 -1.635538e+02 1.317269e-02 9.984242e-01 -5.454507e-02 1.018124e+02 1.220432e-02 5.438521e-02 9.984454e-01 -8.404770e+01 0.000000e+00 0.000000e+00 0.000000e+00 1.000000e+00
178: 9.998434e-01 -1.589140e-02 -7.780213e-03 -1.666845e+02 1.544687e-02 9.984103e-01 -5.420096e-02 1.033458e+02 8.629178e-03 5.407229e-02 9.984997e-01 -8.551485e+01 0.000000e+00 0.000000e+00 0.000000e+00 1.000000e+00
179: 9.998772e-01 -1.503814e-02 -4.389198e-03 -1.709980e+02 1.477379e-02 9.983732e-01 -5.506721e-02 1.033781e+02 5.210170e-03 5.499562e-02 9.984729e-01 -8.707516e+01 0.000000e+00 0.000000e+00 0.000000e+00 1.000000e+00
180: 9.998979e-01 -1.427521e-02 3.633741e-04 -1.736182e+02 1.427370e-02 9.983990e-01 -5.472739e-02 1.046852e+02 4.184502e-04 5.472699e-02 9.985012e-01 -8.928800e+01 0.000000e+00 0.000000e+00 0.000000e+00 1.000000e+00
181: 9.998549e-01 -1.613089e-02 5.465098e-03 -1.732064e+02 1.640944e-02 9.983249e-01 -5.547811e-02 1.046018e+02 -4.561032e-03 5.555974e-02 9.984449e-01 -9.198402e+01 0.000000e+00 0.000000e+00 0.000000e+00 1.000000e+00
182: 9.997845e-01 -1.873022e-02 8.948003e-03 -1.773881e+02 1.919783e-02 9.982798e-01 -5.539694e-02 1.044886e+02 -7.895011e-03 5.555679e-02 9.984243e-01 -9.337914e+01 0.000000e+00 0.000000e+00 0.000000e+00 1.000000e+00
183: 9.997355e-01 -1.902884e-02 1.290780e-02 -1.840740e+02 1.970628e-02 9.983158e-01 -5.456197e-02 1.072021e+02 -1.184781e-02 5.480191e-02 9.984269e-01 -9.434158e+01 0.000000e+00 0.000000e+00 0.000000e+00 1.000000e+00
184: 9.996190e-01 -1.836367e-02 2.059901e-02 -1.843697e+02 1.951031e-02 9.981880e-01 -5.691929e-02 1.065187e+02 -1.951645e-02 5.729951e-02 9.981662e-01 -9.726154e+01 0.000000e+00 0.000000e+00 0.000000e+00 1.000000e+00
185: 9.994588e-01 -1.929656e-02 2.663778e-02 -1.847455e+02 2.081319e-02 9.981062e-01 -5.788446e-02 1.071541e+02 -2.547037e-02 5.840756e-02 9.979678e-01 -1.001684e+02 0.000000e+00 0.000000e+00 0.000000e+00 1.000000e+00
186: 9.992697e-01 -2.121755e-02 3.177515e-02 -1.892454e+02 2.308284e-02 9.979593e-01 -5.953513e-02 1.074930e+02 -3.044712e-02 6.022512e-02 9.977204e-01 -1.032420e+02 0.000000e+00 0.000000e+00 0.000000e+00 1.000000e+00
187: 9.990799e-01 -2.127545e-02 3.723585e-02 -1.905690e+02 2.354797e-02 9.978171e-01 -6.169579e-02 1.069238e+02 -3.584196e-02 6.251587e-02 9.974001e-01 -1.058097e+02 0.000000e+00 0.000000e+00 0.000000e+00 1.000000e+00
188: 9.989581e-01 -1.965497e-02 4.118725e-02 -1.940532e+02 2.224093e-02 9.977466e-01 -6.329808e-02 1.067057e+02 -3.985032e-02 6.414817e-02 9.971443e-01 -1.073964e+02 0.000000e+00 0.000000e+00 0.000000e+00 1.000000e+00
189: 9.987117e-01 -1.940150e-02 4.688496e-02 -1.967924e+02 2.235254e-02 9.977465e-01 -6.326040e-02 1.060048e+02 -4.555197e-02 6.422691e-02 9.968951e-01 -1.092202e+02 0.000000e+00 0.000000e+00 0.000000e+00 1.000000e+00
190: 9.984147e-01 -1.935057e-02 5.285371e-02 -1.985611e+02 2.265335e-02 9.977801e-01 -6.262235e-02 1.053640e+02 -5.152461e-02 6.372040e-02 9.966368e-01 -1.130847e+02 0.000000e+00 0.000000e+00 0.000000e+00 1.000000e+00
191: 9.981174e-01 -1.870723e-02 5.840784e-02 -1.999468e+02 2.239630e-02 9.977520e-01 -6.315855e-02 1.032992e+02 -5.709502e-02 6.434778e-02 9.962928e-01 -1.140749e+02 0.000000e+00 0.000000e+00 0.000000e+00 1.000000e+00
192: 9.977497e-01 -1.710119e-02 6.483022e-02 -2.016240e+02 2.113533e-02 9.978486e-01 -6.206008e-02 1.039005e+02 -6.362945e-02 6.329065e-02 9.959646e-01 -1.160674e+02 0.000000e+00 0.000000e+00 0.000000e+00 1.000000e+00
193: 9.972865e-01 -1.664559e-02 7.170931e-02 -2.032185e+02 2.115930e-02 9.978110e-01 -6.265201e-02 1.012816e+02 -7.050948e-02 6.399934e-02 9.954559e-01 -1.188948e+02 0.000000e+00 0.000000e+00 0.000000e+00 1.000000e+00
194: 9.969006e-01 -1.689778e-02 7.683382e-02 -2.061414e+02 2.166768e-02 9.978608e-01 -6.167724e-02 1.006868e+02 -7.562726e-02 6.315089e-02 9.951344e-01 -1.208918e+02 0.000000e+00 0.000000e+00 0.000000e+00 1.000000e+00
195: 9.963657e-01 -1.590543e-02 8.367968e-02 -2.074050e+02 2.103113e-02 9.979324e-01 -6.073340e-02 9.922857e+01 -8.254069e-02 6.227256e-02 9.946402e-01 -1.230528e+02 0.000000e+00 0.000000e+00 0.000000e+00 1.000000e+00
196: 9.958364e-01 -1.642922e-02 8.966490e-02 -2.128275e+02 2.174569e-02 9.980422e-01 -5.864157e-02 1.022255e+02 -8.852592e-02 6.034724e-02 9.942441e-01 -1.334351e+02 0.000000e+00 0.000000e+00 0.000000e+00 1.000000e+00
197: 9.951864e-01 -1.618177e-02 9.665431e-02 -2.096725e+02 2.197813e-02 9.980035e-01 -5.920970e-02 1.010225e+02 -9.550323e-02 6.104898e-02 9.935552e-01 -1.381319e+02 0.000000e+00 0.000000e+00 0.000000e+00 1.000000e+00
198: 9.949910e-01 -1.369542e-02 9.902112e-02 -2.146934e+02 1.968124e-02 9.980205e-01 -5.972813e-02 9.909614e+01 -9.800714e-02 6.137782e-02 9.932911e-01 -1.359108e+02 0.000000e+00 0.000000e+00 0.000000e+00 1.000000e+00
199: 9.941025e-01 -1.350224e-02 1.076005e-01 -2.124494e+02 1.982428e-02 9.981252e-01 -5.790340e-02 9.999400e+01 -1.066169e-01 5.969503e-02 9.925066e-01 -1.321650e+02 0.000000e+00 0.000000e+00 0.000000e+00 1.000000e+00
200: 9.933071e-01 -1.616419e-02 1.143658e-01 -2.131468e+02 2.278088e-02 9.981263e-01 -5.678717e-02 9.795168e+01 -1.132336e-01 5.901246e-02 9.918143e-01 -1.378858e+02 0.000000e+00 0.000000e+00 0.000000e+00 1.000000e+00
201: 9.925454e-01 -1.807696e-02 1.205267e-01 -2.120264e+02 2.474776e-02 9.982297e-01 -5.408191e-02 9.748332e+01 -1.193357e-01 5.666153e-02 9.912357e-01 -1.404097e+02 0.000000e+00 0.000000e+00 0.000000e+00 1.000000e+00
202: 9.922214e-01 -1.751770e-02 1.232468e-01 -2.177707e+02 2.414646e-02 9.983289e-01 -5.249795e-02 9.689934e+01 -1.221212e-01 5.506556e-02 9.909865e-01 -1.426303e+02 0.000000e+00 0.000000e+00 0.000000e+00 1.000000e+00
203: 9.915778e-01 -1.567825e-02 1.285588e-01 -2.124923e+02 2.256152e-02 9.983783e-01 -5.226147e-02 9.421622e+01 -1.275310e-01 5.472180e-02 9.903238e-01 -1.466743e+02 0.000000e+00 0.000000e+00 0.000000e+00 1.000000e+00
204: 9.919895e-01 -1.221289e-02 1.257279e-01 -2.099692e+02 1.891114e-02 9.984563e-01 -5.222084e-02 9.372722e+01 -1.248960e-01 5.418019e-02 9.906893e-01 -1.510775e+02 0.000000e+00 0.000000e+00 0.000000e+00 1.000000e+00
205: 9.926346e-01 -8.975652e-03 1.208131e-01 -2.155725e+02 1.527710e-02 9.985646e-01 -5.133396e-02 9.388789e+01 -1.201789e-01 5.280155e-02 9.913471e-01 -1.470498e+02 0.000000e+00 0.000000e+00 0.000000e+00 1.000000e+00
206: 9.925334e-01 -9.915387e-03 1.215685e-01 -2.195826e+02 1.598251e-02 9.986691e-01 -4.903395e-02 9.258160e+01 -1.209205e-01 5.061081e-02 9.913711e-01 -1.462311e+02 0.000000e+00 0.000000e+00 0.000000e+00 1.000000e+00
207: 9.921442e-01 -1.591347e-02 1.240821e-01 -2.194299e+02 2.195663e-02 9.986303e-01 -4.748842e-02 9.177040e+01 -1.231565e-01 4.983979e-02 9.911349e-01 -1.458742e+02 0.000000e+00 0.000000e+00 0.000000e+00 1.000000e+00
208: 9.919179e-01 -2.201826e-02 1.249555e-01 -2.218935e+02 2.753421e-02 9.987131e-01 -4.258918e-02 9.252934e+01 -1.238569e-01 4.568552e-02 9.912478e-01 -1.482506e+02 0.000000e+00 0.000000e+00 0.000000e+00 1.000000e+00
209: 9.921945e-01 -2.468731e-02 1.222312e-01 -2.296764e+02 2.948086e-02 9.988591e-01 -3.756493e-02 9.985454e+01 -1.211644e-01 4.087520e-02 9.917904e-01 -1.544278e+02 0.000000e+00 0.000000e+00 0.000000e+00 1.000000e+00
210: 9.923139e-01 -2.002633e-02 1.221143e-01 -2.327742e+02 2.538712e-02 9.987735e-01 -4.250291e-02 1.027735e+02 -1.211134e-01 4.527636e-02 9.916055e-01 -1.686835e+02 0.000000e+00 0.000000e+00 0.000000e+00 1.000000e+00
211: 9.937999e-01 -5.048303e-03 1.110674e-01 -2.372209e+02 1.128346e-02 9.983901e-01 -5.558182e-02 8.708067e+01 -1.106080e-01 5.649044e-02 9.922573e-01 -1.601452e+02 0.000000e+00 0.000000e+00 0.000000e+00 1.000000e+00
212: 9.942147e-01 6.491140e-03 1.072136e-01 -2.321780e+02 -3.006011e-04 9.983363e-01 -5.765570e-02 8.819253e+01 -1.074096e-01 5.728992e-02 9.925628e-01 -1.582237e+02 0.000000e+00 0.000000e+00 0.000000e+00 1.000000e+00
213: 9.943206e-01 1.251952e-02 1.056869e-01 -2.326889e+02 -6.026083e-03 9.980865e-01 -6.153740e-02 8.615361e+01 -1.062551e-01 6.055103e-02 9.924935e-01 -1.594489e+02 0.000000e+00 0.000000e+00 0.000000e+00 1.000000e+00
214: 9.943796e-01 1.373754e-02 1.049769e-01 -2.336420e+02 -7.197973e-03 9.980237e-01 -6.242201e-02 8.370946e+01 -1.056270e-01 6.131556e-02 9.925136e-01 -1.569382e+02 0.000000e+00 0.000000e+00 0.000000e+00 1.000000e+00
215: 9.944509e-01 1.442858e-02 1.042064e-01 -2.356746e+02 -7.886190e-03 9.979870e-01 -6.292423e-02 8.039451e+01 -1.049045e-01 6.175328e-02 9.925631e-01 -1.597273e+02 0.000000e+00 0.000000e+00 0.000000e+00 1.000000e+00
216: 9.947508e-01 1.574009e-02 1.011082e-01 -2.378077e+02 -9.543649e-03 9.980626e-01 -6.147913e-02 7.822803e+01 -1.018800e-01 6.019148e-02 9.929740e-01 -1.581007e+02 0.000000e+00 0.000000e+00 0.000000e+00 1.000000e+00
217: 9.948521e-01 1.960620e-02 9.942187e-02 -2.355961e+02 -1.344342e-02 9.979681e-01 -6.228150e-02 7.682066e+01 -1.004410e-01 6.062432e-02 9.930943e-01 -1.614416e+02 0.000000e+00 0.000000e+00 0.000000e+00 1.000000e+00
218: 9.957550e-01 2.522232e-02 8.851896e-02 -2.492538e+02 -1.960195e-02 9.977702e-01 -6.379802e-02 7.400910e+01 -8.993074e-02 6.179205e-02 9.940293e-01 -1.606595e+02 0.000000e+00 0.000000e+00 0.000000e+00 1.000000e+00
219: 9.955891e-01 2.980441e-02 8.896007e-02 -2.436253e+02 -2.446559e-02 9.978674e-01 -6.051224e-02 7.263069e+01 -9.057389e-02 5.806887e-02 9.941953e-01 -1.641480e+02 0.000000e+00 0.000000e+00 0.000000e+00 1.000000e+00
220: 9.960209e-01 3.262160e-02 8.293536e-02 -2.452296e+02 -2.761702e-02 9.977682e-01 -6.079023e-02 7.019469e+01 -8.473335e-02 5.825792e-02 9.946990e-01 -1.648664e+02 0.000000e+00 0.000000e+00 0.000000e+00 1.000000e+00
221: 9.967027e-01 3.332142e-02 7.398173e-02 -2.545040e+02 -2.916602e-02 9.979733e-01 -5.655495e-02 6.885473e+01 -7.571629e-02 5.421072e-02 9.956546e-01 -1.594583e+02 0.000000e+00 0.000000e+00 0.000000e+00 1.000000e+00
222: 9.966488e-01 3.695642e-02 7.297316e-02 -2.562578e+02 -3.303597e-02 9.979822e-01 -5.421971e-02 6.513078e+01 -7.482971e-02 5.162728e-02 9.958589e-01 -1.631718e+02 0.000000e+00 0.000000e+00 0.000000e+00 1.000000e+00
223: 9.969915e-01 3.778432e-02 6.767680e-02 -2.583124e+02 -3.436352e-02 9.981062e-01 -5.101652e-02 6.695025e+01 -6.947628e-02 4.853742e-02 9.964021e-01 -1.703666e+02 0.000000e+00 0.000000e+00 0.000000e+00 1.000000e+00
224: 9.977669e-01 3.948245e-02 5.386970e-02 -2.597019e+02 -3.668561e-02 9.979752e-01 -5.195526e-02 6.468289e+01 -5.581197e-02 4.986300e-02 9.971954e-01 -1.655025e+02 0.000000e+00 0.000000e+00 0.000000e+00 1.000000e+00
225: 9.981958e-01 4.084977e-02 4.400315e-02 -2.540830e+02 -3.861344e-02 9.979758e-01 -5.052622e-02 6.129820e+01 -4.597807e-02 4.873596e-02 9.977528e-01 -1.562265e+02 0.000000e+00 0.000000e+00 0.000000e+00 1.000000e+00
226: 9.984952e-01 4.466540e-02 3.181232e-02 -2.714627e+02 -4.313925e-02 9.979560e-01 -4.714405e-02 6.514209e+01 -3.385302e-02 4.570076e-02 9.983814e-01 -1.666232e+02 0.000000e+00 0.000000e+00 0.000000e+00 1.000000e+00
227: 9.982259e-01 4.775216e-02 3.555797e-02 -2.645884e+02 -4.607278e-02 9.978485e-01 -4.663877e-02 6.541880e+01 -3.770858e-02 4.491778e-02 9.982787e-01 -1.613589e+02 0.000000e+00 0.000000e+00 0.000000e+00 1.000000e+00
228: 9.982042e-01 4.749413e-02 3.650260e-02 -2.686549e+02 -4.577810e-02 9.978691e-01 -4.649059e-02 6.253827e+01 -3.863286e-02 4.473609e-02 9.982516e-01 -1.580529e+02 0.000000e+00 0.000000e+00 0.000000e+00 1.000000e+00
229: 9.983314e-01 4.594019e-02 3.498016e-02 -2.766421e+02 -4.431344e-02 9.979606e-01 -4.594023e-02 5.967480e+01 -3.701933e-02 4.431349e-02 9.983315e-01 -1.631511e+02 0.000000e+00 0.000000e+00 0.000000e+00 1.000000e+00
230: 9.983637e-01 4.676797e-02 3.290092e-02 -2.787049e+02 -4.530131e-02 9.980040e-01 -4.399400e-02 5.821492e+01 -3.489277e-02 4.243157e-02 9.984899e-01 -1.630942e+02 0.000000e+00 0.000000e+00 0.000000e+00 1.000000e+00
231: 9.984001e-01 4.808103e-02 2.975638e-02 -2.802282e+02 -4.677077e-02 9.979683e-01 -4.326448e-02 5.781194e+01 -3.177612e-02 4.180354e-02 9.986205e-01 -1.688729e+02 0.000000e+00 0.000000e+00 0.000000e+00 1.000000e+00
232: 9.983343e-01 4.876960e-02 3.082290e-02 -2.798612e+02 -4.753881e-02 9.980890e-01 -3.947649e-02 6.068719e+01 -3.268925e-02 3.794545e-02 9.987450e-01 -1.747438e+02 0.000000e+00 0.000000e+00 0.000000e+00 1.000000e+00
233: 9.982428e-01 4.999360e-02 3.180795e-02 -2.814746e+02 -4.871226e-02 9.980170e-01 -3.985806e-02 6.117064e+01 -3.373753e-02 3.823858e-02 9.986989e-01 -1.752817e+02 0.000000e+00 0.000000e+00 0.000000e+00 1.000000e+00
234: 9.983402e-01 4.921875e-02 2.990134e-02 -2.872811e+02 -4.801154e-02 9.980521e-01 -3.983203e-02 6.061556e+01 -3.180359e-02 3.833031e-02 9.987588e-01 -1.801589e+02 0.000000e+00 0.000000e+00 0.000000e+00 1.000000e+00
235: 9.983302e-01 5.000529e-02 2.891269e-02 -2.910603e+02 -4.887899e-02 9.980649e-01 -3.843146e-02 6.243545e+01 -3.077852e-02 3.695407e-02 9.988428e-01 -1.833975e+02 0.000000e+00 0.000000e+00 0.000000e+00 1.000000e+00
236: 9.982499e-01 5.078175e-02 3.030137e-02 -2.910811e+02 -4.955893e-02 9.979767e-01 -3.982685e-02 6.019779e+01 -3.226254e-02 3.825545e-02 9.987470e-01 -1.851629e+02 0.000000e+00 0.000000e+00 0.000000e+00 1.000000e+00
237: 9.982397e-01 5.144190e-02 2.951444e-02 -2.975939e+02 -5.030301e-02 9.980064e-01 -3.811297e-02 5.808838e+01 -3.141622e-02 3.656121e-02 9.988375e-01 -1.813745e+02 0.000000e+00 0.000000e+00 0.000000e+00 1.000000e+00
238: 9.979687e-01 5.422682e-02 3.343444e-02 -2.972254e+02 -5.296363e-02 9.978893e-01 -3.757541e-02 6.180970e+01 -3.540146e-02 3.572828e-02 9.987343e-01 -1.897906e+02 0.000000e+00 0.000000e+00 0.000000e+00 1.000000e+00
239: 9.978568e-01 5.423206e-02 3.661287e-02 -2.982349e+02 -5.281876e-02 9.978606e-01 -3.852415e-02 6.366096e+01 -3.862379e-02 3.650774e-02 9.985867e-01 -1.836477e+02 0.000000e+00 0.000000e+00 0.000000e+00 1.000000e+00
240: 9.977220e-01 5.398722e-02 4.044865e-02 -3.012812e+02 -5.235148e-02 9.978085e-01 -4.046329e-02 6.462502e+01 -4.254451e-02 3.825357e-02 9.983619e-01 -1.925339e+02 0.000000e+00 0.000000e+00 0.000000e+00 1.000000e+00
241: 9.977480e-01 5.324456e-02 4.078997e-02 -3.043547e+02 -5.141254e-02 9.976757e-01 -4.471792e-02 6.093873e+01 -4.307615e-02 4.252009e-02 9.981665e-01 -1.971933e+02 0.000000e+00 0.000000e+00 0.000000e+00 1.000000e+00
242: 9.975460e-01 5.563888e-02 4.249983e-02 -3.001340e+02 -5.371525e-02 9.975354e-01 -4.513712e-02 6.371036e+01 -4.490646e-02 4.274346e-02 9.980763e-01 -1.964806e+02 0.000000e+00 0.000000e+00 0.000000e+00 1.000000e+00
243: 9.975229e-01 5.843760e-02 3.915277e-02 -3.067968e+02 -5.651743e-02 9.972240e-01 -4.847551e-02 6.514005e+01 -4.187689e-02 4.614262e-02 9.980567e-01 -1.999396e+02 0.000000e+00 0.000000e+00 0.000000e+00 1.000000e+00
244: 9.972337e-01 6.423776e-02 3.739236e-02 -3.104590e+02 -6.218657e-02 9.966214e-01 -5.365190e-02 6.601717e+01 -4.071251e-02 5.117820e-02 9.978593e-01 -1.956463e+02 0.000000e+00 0.000000e+00 0.000000e+00 1.000000e+00
245: 9.965716e-01 7.296684e-02 3.899594e-02 -3.160061e+02 -7.064682e-02 9.958204e-01 -5.788425e-02 6.781714e+01 -4.305660e-02 5.493086e-02 9.975614e-01 -1.940658e+02 0.000000e+00 0.000000e+00 0.000000e+00 1.000000e+00
246: 9.960145e-01 7.731304e-02 4.447174e-02 -3.132913e+02 -7.454673e-02 9.953610e-01 -6.081976e-02 6.779025e+01 -4.896760e-02 5.726215e-02 9.971575e-01 -1.933693e+02 0.000000e+00 0.000000e+00 0.000000e+00 1.000000e+00
247: 9.956022e-01 8.151527e-02 4.616788e-02 -3.163160e+02 -7.852819e-02 9.949071e-01 -6.318868e-02 6.877917e+01 -5.108361e-02 5.928532e-02 9.969331e-01 -1.979507e+02 0.000000e+00 0.000000e+00 0.000000e+00 1.000000e+00
248: 9.952628e-01 8.554088e-02 4.620266e-02 -3.200676e+02 -8.224536e-02 9.942168e-01 -6.905317e-02 7.041629e+01 -5.184234e-02 6.492611e-02 9.965424e-01 -2.001280e+02 0.000000e+00 0.000000e+00 0.000000e+00 1.000000e+00
249: 9.948082e-01 9.057998e-02 4.638761e-02 -3.237647e+02 -8.718117e-02 9.936811e-01 -7.068875e-02 7.170978e+01 -5.249749e-02 6.627763e-02 9.964191e-01 -1.978526e+02 0.000000e+00 0.000000e+00 0.000000e+00 1.000000e+00
250: 9.943972e-01 9.428722e-02 4.779024e-02 -3.268828e+02 -9.068617e-02 9.932280e-01 -7.262197e-02 7.246454e+01 -5.431393e-02 6.788118e-02 9.962139e-01 -2.014285e+02 0.000000e+00 0.000000e+00 0.000000e+00 1.000000e+00
251: 9.939054e-01 9.970121e-02 4.702876e-02 -3.310479e+02 -9.602720e-02 9.925638e-01 -7.480289e-02 7.350748e+01 -5.413700e-02 6.983096e-02 9.960886e-01 -2.003691e+02 0.000000e+00 0.000000e+00 0.000000e+00 1.000000e+00
252: 9.931959e-01 1.066265e-01 4.682257e-02 -3.331364e+02 -1.029331e-01 9.918376e-01 -7.525032e-02 7.483704e+01 -5.446407e-02 6.991873e-02 9.960647e-01 -2.012278e+02 0.000000e+00 0.000000e+00 0.000000e+00 1.000000e+00
253: 9.929806e-01 1.092047e-01 4.542548e-02 -3.351539e+02 -1.055490e-01 9.914817e-01 -7.630878e-02 7.581992e+01 -5.337181e-02 7.097854e-02 9.960489e-01 -2.026326e+02 0.000000e+00 0.000000e+00 0.000000e+00 1.000000e+00
254: 9.932695e-01 1.073375e-01 4.352116e-02 -3.366107e+02 -1.037765e-01 9.916028e-01 -7.716027e-02 7.839333e+01 -5.143791e-02 7.212448e-02 9.960683e-01 -2.029556e+02 0.000000e+00 0.000000e+00 0.000000e+00 1.000000e+00
255: 9.940074e-01 1.013412e-01 4.097515e-02 -3.389343e+02 -9.798383e-02 9.922053e-01 -7.698946e-02 8.174438e+01 -4.845797e-02 7.251320e-02 9.961894e-01 -2.021767e+02 0.000000e+00 0.000000e+00 0.000000e+00 1.000000e+00
256: 9.952251e-01 8.947396e-02 3.900429e-02 -3.421288e+02 -8.627685e-02 9.932818e-01 -7.711885e-02 8.295873e+01 -4.564239e-02 7.338545e-02 9.962586e-01 -2.002076e+02 0.000000e+00 0.000000e+00 0.000000e+00 1.000000e+00
257: 9.963008e-01 7.651506e-02 3.911426e-02 -3.458344e+02 -7.329452e-02 9.942532e-01 -7.802662e-02 8.551106e+01 -4.485969e-02 7.487112e-02 9.961836e-01 -1.993789e+02 0.000000e+00 0.000000e+00 0.000000e+00 1.000000e+00
258: 9.967355e-01 7.062301e-02 3.911942e-02 -3.495222e+02 -6.743448e-02 9.947032e-01 -7.757261e-02 8.819909e+01 -4.439063e-02 7.468140e-02 9.962188e-01 -1.997068e+02 0.000000e+00 0.000000e+00 0.000000e+00 1.000000e+00
259: 9.967820e-01 6.894764e-02 4.088587e-02 -3.529224e+02 -6.574884e-02 9.950132e-01 -7.500279e-02 9.242741e+01 -4.585325e-02 7.207324e-02 9.963447e-01 -1.965236e+02 0.000000e+00 0.000000e+00 0.000000e+00 1.000000e+00
260: 9.969231e-01 6.375514e-02 4.559999e-02 -3.557345e+02 -6.050749e-02 9.957542e-01 -6.936717e-02 9.575432e+01 -4.982891e-02 6.639460e-02 9.965484e-01 -1.971694e+02 0.000000e+00 0.000000e+00 0.000000e+00 1.000000e+00
261: 9.973116e-01 5.533691e-02 4.803325e-02 -3.568999e+02 -5.194629e-02 9.962507e-01 -6.917751e-02 9.404403e+01 -5.168124e-02 6.649639e-02 9.964472e-01 -2.011437e+02 0.000000e+00 0.000000e+00 0.000000e+00 1.000000e+00
262: 9.977698e-01 4.622384e-02 4.815268e-02 -3.606508e+02 -4.291628e-02 9.967892e-01 -6.759465e-02 9.635387e+01 -5.112257e-02 6.537738e-02 9.965501e-01 -2.009086e+02 0.000000e+00 0.000000e+00 0.000000e+00 1.000000e+00
263: 9.978574e-01 4.270362e-02 4.956791e-02 -3.663355e+02 -3.934449e-02 9.969854e-01 -6.687187e-02 9.786515e+01 -5.227416e-02 6.477837e-02 9.965295e-01 -1.998727e+02 0.000000e+00 0.000000e+00 0.000000e+00 1.000000e+00
264: 9.977303e-01 4.378489e-02 5.115685e-02 -3.686743e+02 -4.037853e-02 9.970139e-01 -6.582217e-02 9.730476e+01 -5.388612e-02 6.360714e-02 9.965191e-01 -2.053863e+02 0.000000e+00 0.000000e+00 0.000000e+00 1.000000e+00
265: 9.977509e-01 4.533899e-02 4.936885e-02 -3.695395e+02 -4.198919e-02 9.968758e-01 -6.689626e-02 9.658700e+01 -5.224763e-02 6.467285e-02 9.965377e-01 -2.075430e+02 0.000000e+00 0.000000e+00 0.000000e+00 1.000000e+00
266: 9.978821e-01 4.292154e-02 4.887487e-02 -3.730494e+02 -3.959810e-02 9.969634e-01 -6.704813e-02 1.014536e+02 -5.160427e-02 6.497078e-02 9.965519e-01 -2.084572e+02 0.000000e+00 0.000000e+00 0.000000e+00 1.000000e+00
267: 9.979640e-01 4.350976e-02 4.663239e-02 -3.797977e+02 -4.043728e-02 9.970707e-01 -6.491958e-02 1.019304e+02 -4.932043e-02 6.290173e-02 9.968002e-01 -2.048813e+02 0.000000e+00 0.000000e+00 0.000000e+00 1.000000e+00
268: 9.980511e-01 4.367583e-02 4.456541e-02 -3.818043e+02 -4.081180e-02 9.971615e-01 -6.326872e-02 1.016942e+02 -4.720223e-02 6.132663e-02 9.970009e-01 -2.074356e+02 0.000000e+00 0.000000e+00 0.000000e+00 1.000000e+00
269: 9.979844e-01 4.405638e-02 4.567296e-02 -3.862324e+02 -4.121886e-02 9.972672e-01 -6.130994e-02 1.049421e+02 -4.824924e-02 5.930379e-02 9.970732e-01 -2.017994e+02 0.000000e+00 0.000000e+00 0.000000e+00 1.000000e+00
270: 9.977808e-01 4.526434e-02 4.883165e-02 -3.897691e+02 -4.236929e-02 9.973715e-01 -5.877564e-02 1.047368e+02 -5.136374e-02 5.657624e-02 9.970761e-01 -2.048401e+02 0.000000e+00 0.000000e+00 0.000000e+00 1.000000e+00
271: 9.974249e-01 4.674757e-02 5.438806e-02 -3.876202e+02 -4.372410e-02 9.974999e-01 -5.551203e-02 1.090058e+02 -5.684716e-02 5.299102e-02 9.969755e-01 -2.128500e+02 0.000000e+00 0.000000e+00 0.000000e+00 1.000000e+00
272: 9.970835e-01 5.120431e-02 5.658992e-02 -3.922402e+02 -4.823178e-02 9.974447e-01 -5.270125e-02 1.086443e+02 -5.914386e-02 4.981812e-02 9.970055e-01 -2.077159e+02 0.000000e+00 0.000000e+00 0.000000e+00 1.000000e+00
273: 9.970182e-01 5.304439e-02 5.604220e-02 -3.985218e+02 -5.019247e-02 9.974299e-01 -5.112667e-02 1.056791e+02 -5.861016e-02 4.816132e-02 9.971185e-01 -2.093033e+02 0.000000e+00 0.000000e+00 0.000000e+00 1.000000e+00
274: 9.969498e-01 5.308268e-02 5.721204e-02 -4.034635e+02 -5.026295e-02 9.975012e-01 -4.964684e-02 1.079436e+02 -5.970448e-02 4.661977e-02 9.971268e-01 -2.063310e+02 0.000000e+00 0.000000e+00 0.000000e+00 1.000000e+00
275: 9.965269e-01 5.193272e-02 6.509186e-02 -4.035091e+02 -4.881519e-02 9.976244e-01 -4.860361e-02 1.091466e+02 -6.746136e-02 4.525733e-02 9.966949e-01 -2.083701e+02 0.000000e+00 0.000000e+00 0.000000e+00 1.000000e+00
276: 9.963059e-01 4.553688e-02 7.280695e-02 -4.040244e+02 -4.214586e-02 9.979838e-01 -4.745306e-02 1.107173e+02 -7.482104e-02 4.420926e-02 9.962164e-01 -2.126448e+02 0.000000e+00 0.000000e+00 0.000000e+00 1.000000e+00
277: 9.959494e-01 3.956192e-02 8.074324e-02 -4.079684e+02 -3.565701e-02 9.981500e-01 -4.924423e-02 1.109319e+02 -8.254206e-02 4.616570e-02 9.955177e-01 -2.161606e+02 0.000000e+00 0.000000e+00 0.000000e+00 1.000000e+00
278: 9.954358e-01 3.980859e-02 8.673335e-02 -4.095038e+02 -3.553404e-02 9.981026e-01 -5.028288e-02 1.123000e+02 -8.857048e-02 4.697140e-02 9.949617e-01 -2.224417e+02 0.000000e+00 0.000000e+00 0.000000e+00 1.000000e+00
279: 9.950356e-01 4.227234e-02 9.009471e-02 -4.130235e+02 -3.790045e-02 9.980448e-01 -4.969664e-02 1.130032e+02 -9.201936e-02 4.603531e-02 9.946923e-01 -2.219110e+02 0.000000e+00 0.000000e+00 0.000000e+00 1.000000e+00
280: 9.946311e-01 4.193236e-02 9.460793e-02 -4.164728e+02 -3.715992e-02 9.979733e-01 -5.165483e-02 1.105411e+02 -9.658220e-02 4.786187e-02 9.941735e-01 -2.248218e+02 0.000000e+00 0.000000e+00 0.000000e+00 1.000000e+00
281: 9.944959e-01 3.360693e-02 9.923780e-02 -4.151473e+02 -2.834840e-02 9.981420e-01 -5.393221e-02 1.102204e+02 -1.008659e-01 5.082214e-02 9.936011e-01 -2.324128e+02 0.000000e+00 0.000000e+00 0.000000e+00 1.000000e+00
282: 9.947233e-01 2.931291e-02 9.831610e-02 -4.203970e+02 -2.427144e-02 9.983473e-01 -5.208802e-02 1.140164e+02 -9.968048e-02 4.942690e-02 9.937910e-01 -2.317600e+02 0.000000e+00 0.000000e+00 0.000000e+00 1.000000e+00
283: 9.944382e-01 3.031816e-02 1.008634e-01 -4.224961e+02 -2.538348e-02 9.984338e-01 -4.985343e-02 1.157011e+02 -1.022169e-01 4.701590e-02 9.936503e-01 -2.328883e+02 0.000000e+00 0.000000e+00 0.000000e+00 1.000000e+00
284: 9.941709e-01 2.841733e-02 1.040024e-01 -4.248660e+02 -2.331606e-02 9.984798e-01 -4.994098e-02 1.117117e+02 -1.052635e-01 4.722494e-02 9.933223e-01 -2.343920e+02 0.000000e+00 0.000000e+00 0.000000e+00 1.000000e+00
285: 9.940390e-01 2.729454e-02 1.055525e-01 -4.300181e+02 -2.253165e-02 9.986846e-01 -4.605559e-02 1.150102e+02 -1.066708e-01 4.340279e-02 9.933466e-01 -2.348302e+02 0.000000e+00 0.000000e+00 0.000000e+00 1.000000e+00
286: 9.934722e-01 2.477284e-02 1.113509e-01 -4.312656e+02 -1.996043e-02 9.988262e-01 -4.412750e-02 1.122639e+02 -1.123134e-01 4.161684e-02 9.928008e-01 -2.332299e+02 0.000000e+00 0.000000e+00 0.000000e+00 1.000000e+00
287: 9.929290e-01 2.089712e-02 1.168545e-01 -4.307343e+02 -1.622270e-02 9.990349e-01 -4.081122e-02 1.108022e+02 -1.175946e-01 3.862695e-02 9.923100e-01 -2.395298e+02 0.000000e+00 0.000000e+00 0.000000e+00 1.000000e+00
288: 9.926879e-01 1.923473e-02 1.191652e-01 -4.362590e+02 -1.493339e-02 9.992077e-01 -3.688415e-02 1.096627e+02 -1.197802e-01 3.483492e-02 9.921890e-01 -2.384451e+02 0.000000e+00 0.000000e+00 0.000000e+00 1.000000e+00
289: 9.925140e-01 1.552723e-02 1.211391e-01 -4.395673e+02 -1.116938e-02 9.992684e-01 -3.657058e-02 1.078415e+02 -1.216183e-01 3.494377e-02 9.919615e-01 -2.448366e+02 0.000000e+00 0.000000e+00 0.000000e+00 1.000000e+00
290: 9.925325e-01 1.267364e-02 1.213189e-01 -4.421026e+02 -8.828880e-03 9.994429e-01 -3.217656e-02 1.124313e+02 -1.216592e-01 3.086517e-02 9.920919e-01 -2.473518e+02 0.000000e+00 0.000000e+00 0.000000e+00 1.000000e+00
291: 9.924564e-01 1.395842e-02 1.218005e-01 -4.455050e+02 -1.064009e-02 9.995553e-01 -2.785200e-02 1.131193e+02 -1.221351e-01 2.634592e-02 9.921637e-01 -2.477012e+02 0.000000e+00 0.000000e+00 0.000000e+00 1.000000e+00
292: 9.919916e-01 1.394179e-02 1.255309e-01 -4.467635e+02 -1.059027e-02 9.995702e-01 -2.732667e-02 1.094154e+02 -1.258579e-01 2.577842e-02 9.917132e-01 -2.465923e+02 0.000000e+00 0.000000e+00 0.000000e+00 1.000000e+00
293: 9.916630e-01 1.053846e-02 1.284258e-01 -4.512365e+02 -7.468606e-03 9.996750e-01 -2.436187e-02 1.061012e+02 -1.286408e-01 2.319960e-02 9.914198e-01 -2.480700e+02 0.000000e+00 0.000000e+00 0.000000e+00 1.000000e+00
294: 9.913993e-01 6.602923e-03 1.307044e-01 -4.535495e+02 -3.823600e-03 9.997612e-01 -2.150381e-02 1.056563e+02 -1.308152e-01 2.081910e-02 9.911880e-01 -2.512914e+02 0.000000e+00 0.000000e+00 0.000000e+00 1.000000e+00
295: 9.913341e-01 4.325581e-03 1.312925e-01 -4.602187e+02 -2.057639e-03 9.998462e-01 -1.740475e-02 1.073823e+02 -1.313476e-01 1.698377e-02 9.911908e-01 -2.516323e+02 0.000000e+00 0.000000e+00 0.000000e+00 1.000000e+00
296: 9.916027e-01 4.783704e-03 1.292317e-01 -4.676495e+02 -2.539448e-03 9.998429e-01 -1.752533e-02 1.046557e+02 -1.292953e-01 1.704998e-02 9.914595e-01 -2.505779e+02 0.000000e+00 0.000000e+00 0.000000e+00 1.000000e+00
297: 9.916825e-01 2.144126e-03 1.286890e-01 -4.687838e+02 -4.550907e-04 9.999132e-01 -1.315292e-02 1.053564e+02 -1.287061e-01 1.298495e-02 9.915977e-01 -2.554982e+02 0.000000e+00 0.000000e+00 0.000000e+00 1.000000e+00
298: 9.925365e-01 3.675217e-04 1.219462e-01 -4.767027e+02 8.747894e-04 9.999480e-01 -1.013372e-02 1.019358e+02 -1.219436e-01 1.016475e-02 9.924849e-01 -2.511634e+02 0.000000e+00 0.000000e+00 0.000000e+00 1.000000e+00
299: 9.925328e-01 -3.967752e-03 1.219125e-01 -4.764986e+02 4.693215e-03 9.999726e-01 -5.664141e-03 1.021280e+02 -1.218867e-01 6.193994e-03 9.925246e-01 -2.534436e+02 0.000000e+00 0.000000e+00 0.000000e+00 1.000000e+00
